605.76
150.70
620.28
152.35
621.08
140.75
623.12
255.68
234.44
326.65
167.31
128.91
248.28
521.94
261.83
617.68
539.07
366.15
591.04
518.19
405.62
128.68
231.35
237.36
538.15
246.23
251.80
282.69
174.13
540.66
345.18
361.32
358.11
177.78
256.76
267.66
374.47
134.60
508.97
365.57
132.08
242.98
267.85
379.87
119.98
132.72
599.94
177.46
374.03
322.45
527.38
441.30
168.15
538.75
442.09
412.97
595.45
349.04
123.90
535.57
124.97
279.09
311.10
178.44
543.62
417.23
333.82
525.17
600.56
602.94
324.07
323.26
130.10
619.03
270.22
488.27
146.19
404.15
366.39
230.05
274.43
268.32
271.68
149.84
332.13
551.51
175.11
300.98
178.60
325.60
238.91
331.16
483.47
173.25
352.04
358.59
418.37
263.70
401.90
358.58
1331.94
1508.74
1200.87
1788.85
1591.87
883.82
1262.82
1609.85
1194.27
1340.94
954.73
1328.01
1650.37
1608.26
1761.47
1289.58
1426.35
948.03
1398.28
981.29
1759.44
1625.05
1151.86
1706.02
963.36
1628.72
1325.83
1170.85
744.21
1429.70
1398.17
1410.97
1556.37
1488.51
1397.40
1323.44
1101.98
1608.57
1322.99
1450.13
1100.45
1266.98
1519.59
1435.40
1630.98
1584.91
1617.98
1568.10
1492.15
1397.79
1498.53
1550.74
1446.40
1536.16
1042.39
1168.43
1709.73
1283.57
1358.01
927.00
1499.81
1056.46
1561.00
1208.48
1451.45
1637.19
1221.92
1168.99
1770.25
705.25
1240.98
1512.74
1260.75
1051.50
1189.97
1703.39
1593.86
1193.75
1111.55
799.50
1567.96
1245.47
1150.67
1779.53
1662.78
930.20
1019.76
1497.07
1010.20
1535.76
1480.09
1528.25
1496.37
935.22
772.12
1546.07
1628.96
1177.18
1236.91
1389.78
3262.65
2146.76
3980.76
2531.30
1635.07
4064.37
3121.07
2524.42
3031.15
3613.39
2492.91
2687.45
2136.52
2882.14
2949.04
3237.79
2297.29
2632.20
2691.11
2987.61
2991.00
3540.60
4010.70
3221.73
3727.59
1561.34
2684.05
2703.97
2705.05
3065.73
1431.95
2552.24
3223.58
2030.10
2376.29
3028.35
3228.28
2470.50
3090.80
2131.90
2882.26
1667.10
1724.40
2407.53
2279.00
3461.12
3019.54
3656.57
2532.69
3736.27
3398.41
3593.92
3268.80
2144.05
3553.42
2593.71
2016.29
2204.82
3218.07
2929.64
1991.96
3082.63
3578.06
3655.45
2388.75
3245.83
3605.24
2709.20
3507.47
3343.52
2910.03
3212.92
2304.59
2653.74
2317.97
2079.29
3554.81
2492.99
2455.06
2691.74
3142.59
2541.56
3216.27
3477.69
2344.27
3320.89
3140.36
1883.34
3012.20
2926.89
3420.01
2692.23
3150.46
3724.57
3041.21
1656.48
2651.88
3930.46
2659.81
2997.82
2253.77
1872.62
1078.55
1371.57
993.27
1429.81
825.52
1048.47
1205.40
2128.24
845.72
954.79
1357.55
948.07
916.63
1968.69
1674.21
624.14
884.96
849.65
1933.51
1481.39
1058.62
1392.34
1442.94
886.40
1788.91
1876.53
924.64
1368.17
615.71
676.59
745.67
2426.15
1153.27
1292.70
1022.79
647.55
1655.19
1724.52
957.00
1558.82
1149.83
2186.38
2023.06
1115.52
1444.99
647.50
815.51
1711.54
2271.88
1443.35
754.75
1709.59
715.12
1003.80
998.62
1212.22
711.81
974.29
1015.81
882.33
2176.96
1177.84
631.67
1678.71
1812.22
748.11
996.99
901.82
2058.52
868.49
1219.80
1172.13
1193.84
1809.21
1013.43
725.84
998.46
2067.92
1244.94
1695.45
1068.55
552.94
1516.70
811.35
2424.59
347.83
1048.70
1591.58
767.92
1663.47
659.07
990.48
2265.11
1891.79
1419.00
1088.08
1949.16
1932.35
2690.94
672.68
2268.50
2296.90
1029.96
787.05
1605.96
1724.98
961.15
2426.45
769.81
1127.93
1698.79
2086.18
1677.97
905.07
3116.05
808.63
2514.34
743.32
1643.48
748.94
1586.21
2147.19
1273.66
1410.10
2372.81
1124.22
742.63
2764.83
770.96
1004.21
1768.01
1400.61
957.17
3066.73
1709.59
1075.74
1755.59
1090.54
2117.77
2528.55
755.60
732.46
895.86
2660.49
608.81
1143.92
2758.18
965.68
387.86
432.63
498.49
761.81
914.88
725.51
1068.63
1084.36
604.08
773.09
1112.89
1102.55
801.59
774.18
1222.44
645.82
1138.86
900.46
930.14
484.60
1002.02
828.85
1095.34
856.85
784.97
1186.11
886.36
1202.68
1185.33
581.23
711.96
759.76
440.97
501.83
1126.93
773.47
1227.50
838.49
972.47
1252.93
635.57
611.46
611.46
1070.17
558.93
484.76
880.31
801.22
1148.46
1111.13
851.94
828.49
720.90
403.33
861.84
402.45
1187.74
713.06
828.70
655.11
800.47
951.93
707.24
590.20
444.42
806.11
1028.64
1172.97
809.55
613.52
1146.56
1137.77
1144.49
588.14
708.18
596.05
703.21
790.66
1190.82
540.57
716.32
1046.08
797.54
747.40
446.71
794.66
1264.17
492.63
1106.33
702.64
824.40
853.25
781.57
336.88
613.29
578.15
1108.30
1148.50
573.52
1170.37
1284.65
1116.83
1400.42
2013.27
1037.11
802.52
1456.49
1213.52
1406.71
1121.21
1644.75
1124.52
1848.68
1288.10
1108.29
1556.12
831.28
805.05
1527.14
1923.25
985.21
1119.34
1187.87
2221.05
1169.68
1613.20
1467.69
1468.35
1751.15
1254.40
1324.72
1198.47
890.17
898.01
1838.95
1232.09
2013.30
1834.73
1004.07
1957.57
1594.48
2132.21
1825.27
1863.70
1931.33
1428.57
1230.09
1930.58
874.66
890.15
1764.16
1134.87
1969.46
1049.80
771.18
1092.34
1185.72
1078.15
872.30
1233.15
1560.39
1777.72
840.37
1664.53
1010.43
1512.85
986.03
1044.25
1590.74
1234.22
2101.71
711.26
950.75
748.98
2200.86
1179.76
2173.31
1046.28
2232.45
824.60
985.87
1295.37
1616.01
1401.43
1837.83
1179.32
1437.52
1070.33
1810.84
1619.93
889.23
1368.76
1285.66
1611.41
2044.64
944.63
1155.02
1539.12
1145.26
946.73
2589.48
2458.15
3112.82
2961.13
2297.62
3265.31
3041.42
2701.33
2604.11
2548.76
2941.15
2662.39
2642.83
2690.67
3114.71
3122.94
2955.01
3041.04
2728.45
2852.26
2719.87
2633.57
2442.93
2502.25
3066.03
2369.32
2414.56
2909.54
2053.13
2643.71
3045.65
2954.89
2649.84
2675.99
2614.14
3032.98
2093.17
3181.10
3334.61
2061.76
2627.53
3189.02
2638.09
2604.51
2629.19
3235.44
2392.20
3029.54
3289.60
2969.12
2191.36
2854.41
2315.71
2443.45
3250.11
2799.46
2500.61
2784.84
2312.58
2322.65
2357.95
2422.79
2315.80
2778.63
2518.39
2893.68
2676.10
2252.55
3314.39
2155.59
3289.00
2435.40
2428.52
2673.28
3110.34
2952.28
2337.48
2599.17
3121.78
2285.40
3093.43
2327.55
2899.11
3296.61
2663.88
2607.15
2937.56
2317.83
2275.36
2646.81
2183.01
2608.26
3220.72
2658.19
3074.74
2932.12
2995.97
2590.66
2159.78
2799.28
1817.67
1660.88
2682.98
3963.19
1223.99
1324.49
2585.94
2723.86
960.07
3650.02
4231.33
1397.03
4097.07
2289.43
1244.51
4526.21
2856.99
2415.49
3634.94
4507.51
1218.39
4460.21
3108.46
3534.95
3111.02
2048.92
1597.52
1804.73
3838.97
2820.19
3452.34
1515.28
4020.82
1028.17
1547.76
3833.82
1216.01
3547.54
2011.41
553.71
3216.13
3151.98
2976.51
1093.07
1351.54
3034.85
4342.72
1020.97
1895.91
1834.70
1872.25
1530.51
3622.24
4158.18
1850.26
2019.73
2528.81
2417.79
873.20
4567.25
2990.48
3020.38
676.27
231.37
1843.04
813.57
2506.44
3977.24
1843.97
2173.28
3861.79
1589.68
1212.29
819.37
1288.44
1538.23
2778.60
1951.44
701.15
1753.37
3764.71
2741.40
1317.26
2336.36
658.73
3901.89
1456.69
1740.29
1681.75
3586.30
3590.51
760.37
3391.28
1196.35
1123.99
1844.36
3196.61
988.45
715.74
1356.16
3217.17
2335.64
2487.41
3587.24
2768.05
2782.88
2566.01
2206.42
1535.40
3112.69
4219.62
932.82
3474.86
1222.38
1300.12
2953.93
3757.89
1156.39
2703.13
1670.36
1748.26
3281.36
2062.96
2089.17
683.81
3848.75
3543.46
1878.09
1429.43
3616.69
443.34
1649.54
1241.86
1040.71
661.62
1314.07
937.89
1266.61
2770.62
906.23
755.39
1050.87
1341.50
3593.11
2084.29
3645.42
3887.86
1677.15
1023.75
2752.14
1884.18
2773.97
4275.90
3849.15
2149.86
1235.16
1723.99
739.09
2221.61
3082.33
3857.10
1461.70
743.29
1106.16
1764.59
2669.62
1748.87
1671.54
2468.05
4128.00
4134.03
4533.56
1665.66
4635.69
877.09
1176.13
2871.05
4945.47
2143.84
2844.57
2178.25
3777.03
3506.88
1418.42
2652.61
1363.06
886.00
577.16
1034.99
3644.05
4233.96
4042.78
1251.93
1445.88
2230.88
2001.35
2791.46
2663.76
911.73
2816.72
1153.21
1137.23
4060.79
1941.05
1560.76
2890.76
1337.97
1565.57
1718.81
4242.04
1315.08
3613.76
2200.99
1232.02
3008.48
4626.49
3153.86
3960.55
1458.89
2527.16
1020.41
4843.26
2631.91
3206.62
942.38
2011.98
900.34
681.88
1231.26
4238.09
1015.17
2893.15
3353.82
2749.10
4013.95
1509.79
4073.23
4522.41
4419.51
3327.65
1480.23
1880.19
3251.88
1574.92
4342.88
3500.05
967.67
2302.62
3200.91
2716.33
967.22
1047.54
4002.83
2391.22
3160.31
5003.92
1619.39
4011.03
1722.15
4072.34
3965.79
3483.19
1561.38
2261.22
1794.97
1973.67
1247.65
1428.89
2782.78
3353.11
1735.73
1805.33
1547.61
3328.22
1989.10
3614.56
3115.07
3341.05
3026.06
1297.03
758.45
1706.20
727.33
1095.55
1826.09
1470.39
2085.13
2181.85
2716.32
2022.25
1442.21
863.21
3800.48
3082.05
1526.46
2291.15
1173.98
4007.61
1667.07
2240.25
1741.84
4247.01
832.51
4735.93
1382.10
2340.43
3959.02
2287.10
1775.71
3819.90
2886.79
3038.50
3572.48
2058.55
2329.40
1093.83
2646.91
2405.93
2919.64
1618.98
1317.00
2535.99
691.36
2476.44
1073.95
1565.02
2686.20
1631.65
3457.74
1763.09
1599.59
4136.41
2584.09
1418.11
2095.23
748.81
2025.23
4310.74
2760.13
853.02
3433.09
1298.98
3036.99
2670.45
1509.07
1787.06
562.55
3089.25
3637.07
3780.01
2241.63
1766.43
3755.59
2046.25
4910.98
3504.52
2647.40
1570.68
2078.29
3650.36
4110.09
2513.40
2484.81
4263.97
1492.95
1627.90
3519.88
1568.02
3340.54
2875.60
1431.64
2616.75
4125.23
787.05
2152.98
1065.89
2742.55
2814.86
1615.96
1839.63
1333.29
3340.91
2461.00
2360.27
882.65
1181.44
1682.59
1333.92
3117.44
3772.82
1264.20
1278.21
3948.43
1323.48
2159.03
1506.80
2670.81
2180.85
3356.62
741.63
2206.43
2491.24
357.81
4770.74
1580.12
2203.57
2586.72
2301.29
3874.25
1540.14
881.78
2711.08
1258.29
2433.59
2085.43
3550.52
765.35
1261.37
1732.10
2492.63
1466.83
1426.54
3292.16
2781.21
3055.10
2595.29
2770.85
1160.85
4074.50
3120.30
1488.79
2533.86
927.16
2498.90
4310.86
3066.23
1205.93
1271.46
3148.58
2792.83
2078.60
2173.64
1966.06
3203.55
2231.62
4276.91
3503.23
1641.87
3586.80
3134.81
1924.40
2029.01
1549.55
1926.87
813.27
1221.74
3570.14
2130.53
3460.01
1439.91
3432.25
558.32
3831.55
1413.74
2478.28
1948.17
437.14
1859.87
3167.73
680.62
2819.21
1311.87
1223.46
3096.98
1193.77
3593.15
1145.86
1980.84
2073.31
1364.62
1191.21
2527.87
1155.16
3208.74
3157.11
724.25
3482.93
1368.19
1634.69
1544.21
938.82
3129.22
685.17
1492.69
2401.31
2102.45
3320.61
4115.51
2689.44
1180.28
3707.61
2771.33
2190.66
1823.82
986.94
1443.50
1530.52
2327.11
2313.22
4330.09
1523.41
1578.85
3284.75
3457.62
1787.75
1996.89
4084.35
2516.83
2290.85
1204.71
1616.53
1159.97
2066.58
2868.74
1111.46
2727.81
3215.42
2401.03
1956.97
2108.57
1283.72
2502.78
1309.31
2326.95
3360.55
1286.83
3875.25
1793.96
844.28
3464.23
1400.48
3853.97
2114.66
3092.29
1184.56
3735.94
2132.94
1975.57
1150.49
1105.09
3805.87
1578.61
2714.23
1204.31
2374.16
4147.55
4168.23
4339.32
1027.33
754.13
3367.22
1221.00
1540.22
2777.18
3731.41
2934.44
1310.77
2031.50
2690.01
1055.67
3231.16
2422.72
1107.68
3546.44
2108.04
1258.57
788.04
2161.41
1476.30
1053.67
1691.50
2824.05
3074.29
3600.20
944.36
1180.37
2661.56
1386.16
1844.41
778.64
724.24
1216.95
873.45
1179.51
1362.13
2199.75
3290.81
2700.43
1078.52
2019.03
3325.89
1830.10
1677.50
1609.74
4927.42
3553.23
2190.04
3682.72
683.21
2291.18
1961.78
1521.50
986.28
2646.04
2722.79
1405.31
1005.84
1305.50
1682.71
3595.45
3902.22
3733.91
1506.60
3002.80
3750.20
1637.34
1434.56
765.99
2576.48
1119.36
2375.24
1512.55
2038.23
1790.33
2261.47
1443.98
3948.83
1308.35
2222.05
1844.37
1177.55
4295.88
2931.55
3447.81
3684.90
1819.27
1252.75
3420.79
1249.16
1425.26
1647.42
1251.14
3185.33
3932.43
2410.86
1227.72
3666.19
1041.73
3509.51
612.14
1213.21
1863.47
1473.35
3325.75
881.51
1548.16
1970.80
2819.54
1916.96
3626.20
3900.28
3121.72
2275.28
4104.46
1300.66
2002.97
2535.21
4208.76
875.15
2413.25
1359.12
978.64
1257.18
2704.86
1667.44
1010.22
2952.13
1328.63
1924.49
3339.32
1004.38
3768.82
1225.60
3698.31
1878.64
2821.75
1958.21
4773.66
1046.40
2772.43
3855.60
2786.00
1242.28
840.56
1056.32
3303.19
1544.25
2717.85
1201.13
622.95
2198.71
1689.81
861.77
2503.74
4548.23
1048.15
1443.05
2044.85
2707.04
746.93
3212.68
1479.72
1306.07
1728.65
2684.18
867.11
1830.18
1510.94
1528.42
1908.17
3949.16
2176.91
1261.63
1448.54
1333.09
3206.30
2781.13
1621.63
1348.15
1204.43
4586.02
2914.31
703.62
1534.19
4846.39
2432.32
2798.61
2659.33
2638.32
2224.98
1339.21
3463.87
1025.71
4208.03
3263.18
3221.65
1136.45
930.87
1303.00
2877.31
3764.58
1615.96
4246.23
1862.09
1233.96
2532.85
1731.82
2506.78
3933.30
2937.27
1034.58
1470.09
1539.50
891.57
1640.54
1153.67
2118.06
1325.36
2432.29
937.76
1044.59
642.90
3916.01
2488.95
1826.92
3096.79
4716.79
2224.15
252.30
1403.24
758.44
1273.54
3160.34
1110.08
2450.65
3207.44
3164.93
4077.70
1152.48
611.75
1356.73
2570.49
2811.42
1971.34
1735.08
1870.77
563.79
968.73
2110.83
2737.18
1379.95
566.20
908.83
1179.21
2421.44
1201.02
3216.30
419.66
1284.37
1841.79
2018.56
2521.58
3333.18
2409.18
1630.53
3427.78
1260.46
3886.28
1747.38
2094.34
1585.48
2082.63
4290.31
1261.73
1838.36
2109.34
1603.12
1951.29
4006.85
2833.85
1280.08
3602.96
1153.17
1734.19
2290.23
1912.99
1639.02
1982.30
3835.08
4839.73
2477.72
3477.74
684.77
3222.98
1865.40
4769.42
1796.41
2038.92
1295.62
872.29
3543.34
3375.32
3907.06
1729.69
3919.67
1912.70
4962.18
2270.15
636.54
1367.18
2338.75
1225.22
1603.92
1100.29
1750.68
2696.55
2051.07
3577.76
1569.00
729.68
1188.71
2834.64
1064.55
2231.22
1552.27
1916.67
654.55
1401.66
1568.49
1206.96
2767.55
2828.13
2392.93
2532.10
718.37
2160.13
1162.16
3080.40
1702.88
987.20
2082.81
1369.88
3716.82
4571.99
3698.75
2105.25
971.38
2558.92
1297.31
967.79
1961.34
1914.13
504.22
2179.74
3290.20
4217.71
2192.79
1065.20
1210.17
2018.63
957.84
3261.63
1145.38
400.29
1462.69
1050.01
3922.99
2612.27
2127.87
766.45
2488.13
3039.88
1067.75
1055.83
3668.70
2419.70
2326.63
2615.62
3416.11
2129.10
2229.68
592.16
1310.72
2859.14
1059.02
1773.52
1014.18
1075.44
3868.45
1657.19
1415.92
1312.55
4699.50
940.57
3709.69
3655.82
1128.26
2385.42
3186.22
1132.76
1141.42
700.93
1454.55
1950.30
4074.15
744.60
2786.93
673.98
2713.15
2547.72
3000.64
3175.56
1864.34
1487.93
2435.45
2046.76
1061.16
1882.74
3922.84
3141.43
3292.08
2693.08
4448.14
2511.78
1325.26
1503.41
1579.93
1484.95
1832.08
2481.94
2227.36
4637.43
2784.33
1574.94
4279.02
3070.98
3043.88
1819.48
2507.18
1246.73
824.29
1556.34
3690.84
968.27
2961.00
1530.70
2465.87
1926.06
3175.64
3772.07
1790.79
3566.37
3409.50
2733.04
2545.79
2827.25
4570.42
903.09
1406.48
1536.91
3782.92
2632.58
2058.82
4435.21
1537.54
948.34
1679.55
2077.64
2486.55
529.35
2614.96
1917.36
810.75
2448.66
3105.10
1435.61
428.96
2579.83
1546.86
4008.16
4281.27
2456.48
2075.01
1495.54
4326.03
1759.04
942.15
1652.98
2506.47
1598.65
813.67
3055.62
3569.71
1339.41
4767.70
2235.23
2592.12
2188.41
2288.73
3595.98
2066.71
4057.41
1029.75
3141.11
911.83
2428.86
2334.31
2887.34
1889.93
4163.13
2166.23
1328.78
1725.38
1973.70
1547.68
4255.98
3077.25
1412.01
861.47
2872.48
2291.93
1852.40
742.25
1815.79
1705.46
829.10
744.06
970.69
726.79
1057.58
1015.73
1850.40
1267.28
739.50
1705.01
2876.68
386.29
861.18
2538.96
1973.93
4280.32
2019.02
1787.51
2026.87
1802.35
1736.97
1888.88
1021.31
3350.93
2251.21
1828.02
1035.70
3322.92
2949.93
1381.89
1006.35
1428.16
3539.00
1985.78
1221.33
2422.63
2803.93
2505.76
4501.99
903.02
2540.30
3593.24
842.63
1281.27
1217.75
1647.61
1767.85
927.54
2564.28
2903.73
2704.71
1954.87
1917.97
2432.62
1893.61
4043.33
2285.53
4333.48
1822.73
1060.67
3371.61
1517.10
1607.82
3263.90
1263.07
1469.53
1261.47
2167.61
720.16
1852.48
2770.62
800.52
1025.35
3180.25
1805.91
2206.37
702.09
933.02
2254.61
2026.09
3832.96
1072.94
4661.96
3533.55
4328.77
2938.85
1534.41
2619.15
927.06
2734.40
2362.81
638.36
2227.22
669.09
1661.75
3314.13
1497.31
1883.60
1167.27
1456.75
2550.18
688.03
1577.42
1514.35
4155.23
4409.46
1556.41
1041.25
1223.59
3420.77
238.57
1401.54
2932.47
2146.64
782.48
3544.99
2367.45
982.87
1304.23
2551.82
3013.99
1787.26
2736.05
4044.10
1630.35
3840.78
4122.23
2475.57
2571.76
1601.42
1725.27
4955.01
1052.75
2465.74
1180.67
3751.34
1436.09
1362.90
3579.06
3081.08
1068.71
1363.26
1316.48
3728.23
1583.56
2641.54
1509.58
2367.76
2145.97
3147.59
3373.42
903.28
335.06
1195.48
2152.90
2878.54
2804.55
2615.65
1717.00
3860.65
3167.91
3346.23
604.45
4351.96
2651.57
1461.20
2755.07
4003.37
1006.71
3772.30
1116.34
1198.02
1610.19
1410.14
2151.84
1442.70
2096.63
1161.06
3718.74
420.13
3574.71
1311.70
1571.90
922.32
1576.18
3100.07
2451.36
2909.42
3090.99
3856.64
1027.20
1364.74
3489.29
3769.95
1878.79
733.96
921.26
2368.95
2978.33
1382.24
510.34
3821.33
1016.25
845.89
3235.32
3524.58
2832.11
1112.73
1560.23
3783.09
3906.89
1713.25
913.61
3756.61
1761.57
567.64
4030.67
4089.79
3546.41
3191.36
1194.27
2276.24
948.47
3043.79
3035.92
1337.29
2967.37
2259.11
891.82
1179.44
1509.09
3605.33
1414.18
3579.97
1146.64
3734.37
2177.63
2037.14
3712.85
657.04
3535.24
1158.96
1056.06
1447.38
3400.14
1563.49
3991.37
2985.20
813.70
1886.57
2877.90
3473.39
3665.45
1834.10
1874.16
1615.02
1129.81
2968.08
1917.15
1409.78
1811.96
3929.73
1271.94
2607.78
1291.66
2446.12
1413.15
2990.98
3960.24
3330.90
3561.50
1802.45
3035.69
1284.65
3393.68
1129.83
4107.06
2920.82
2581.05
1619.37
1554.50
2601.61
2426.67
2395.86
2278.70
1353.70
1298.04
1772.54
3318.58
903.22
1954.32
1422.55
3317.92
3541.70
779.07
1549.51
4187.44
3645.10
1042.55
1142.52
1255.86
1403.82
3199.27
3521.09
1978.20
1735.04
1134.22
1185.48
2311.88
837.05
2487.13
3093.91
279.88
1470.94
2052.17
4618.07
2288.63
2784.24
3727.19
914.69
2104.26
2770.50
1718.23
1090.05
1604.38
1296.84
2112.58
3192.26
3405.80
2064.96
2844.47
836.66
664.06
2338.79
781.07
1604.41
842.06
902.66
1414.20
1629.09
3091.21
1101.34
3346.82
1369.87
4288.55
1452.14
1268.89
2265.32
2461.86
2193.79
4210.12
2779.40
3796.66
4976.91
3433.95
1260.77
567.97
1965.16
1982.74
2864.24
569.01
3353.49
3676.56
1642.91
2600.18
848.59
604.31
1739.98
2026.65
253.98
925.07
2304.05
3898.52
2476.63
4160.69
1780.26
3864.24
1811.85
1455.32
3186.90
1888.29
794.26
1211.38
1409.41
3152.24
3707.14
2808.67
939.46
4255.98
2456.36
1453.86
1767.55
788.99
3962.95
1430.23
2695.08
4688.81
987.38
3717.08
241.65
3995.31
894.83
3196.69
2980.21
952.03
3004.57
4033.10
1771.74
1683.72
709.05
1406.84
3865.33
1719.94
1139.21
3426.98
1031.42
3830.40
2708.90
3422.19
348.34
3763.81
648.91
268.46
4004.66
2356.15
3256.41
2048.94
1502.03
3706.64
1566.69
1462.19
2130.03
1531.87
1586.73
1697.39
820.79
3071.82
1195.49
1528.80
2701.23
1866.07
4218.69
1221.43
1196.82
1771.68
3119.76
834.68
706.62
974.98
3390.72
1231.32
923.17
2679.08
1858.70
4015.72
1379.02
3575.48
1426.99
3769.78
4078.92
1579.64
1217.55
2008.12
2353.61
4953.31
3463.47
860.96
2721.13
1870.34
2545.64
868.74
1741.88
830.20
2669.68
4059.17
3012.78
3168.66
2689.89
746.64
2441.84
1910.73
2851.46
585.49
1807.45
1916.23
891.36
1177.73
1188.57
1846.63
1557.40
3913.42
1983.61
609.24
934.69
4348.45
1480.92
3737.74
4210.40
918.00
1645.52
4251.12
1356.01
2390.68
2358.91
2264.03
2453.33
2571.96
1692.10
4354.82
3414.15
2121.39
922.28
3939.05
3016.58
2971.99
3065.99
1939.50
2909.26
3652.30
2406.89
970.94
1385.76
2739.95
1283.16
798.74
1366.64
1362.34
1949.05
373.51
1668.38
3816.95
3877.89
2976.21
2744.82
2046.14
2509.60
2169.38
931.85
1213.12
926.28
2563.79
3080.97
2305.24
2090.98
1001.28
3114.26
4448.77
2502.52
1259.93
2661.93
1977.58
4134.89
1448.17
1567.51
1406.89
979.05
2431.33
4145.32
2132.30
2835.40
2227.99
2744.89
4633.63
1421.33
1881.02
3033.05
1791.42
995.77
2405.43
1023.87
2389.19
1365.38
1932.26
2273.81
3305.77
1267.22
1079.42
2719.18
2689.50
2226.70
1399.66
3989.12
1845.35
1090.21
3946.55
700.71
3427.70
842.48
1818.51
588.93
3278.24
883.95
850.09
527.38
3144.52
2102.85
975.13
2182.15
4173.08
2670.39
2199.41
3953.19
1927.82
2090.06
2170.14
1337.38
3984.27
2609.00
1119.79
4208.09
1905.88
2300.97
2936.86
5028.86
1895.30
2764.97
2789.88
1322.45
3023.07
3068.02
1705.20
1877.51
1168.42
4776.51
2019.32
1603.53
2668.14
1856.99
2092.06
3936.31
2904.50
1300.02
1240.57
1894.87
3358.57
917.11
2919.56
998.08
5059.59
2696.87
2545.35
3122.65
3077.24
2640.85
3169.00
2564.12
2568.55
3154.29
453.17
4533.83
4089.75
4342.50
2014.70
3785.44
1466.70
1361.91
3751.70
414.99
1834.95
2655.33
1235.36
4018.36
4737.14
1939.00
1563.15
1832.83
1778.47
1382.82
2205.03
3915.80
2210.39
1953.56
4189.84
1453.36
1925.35
1131.71
929.07
587.44
2724.65
635.73
1441.51
1415.41
1456.68
2812.63
3459.12
2069.74
3844.06
1334.04
1183.78
2842.71
4002.18
1157.02
544.42
2890.83
2789.61
2846.89
2299.61
2677.71
733.75
687.54
3251.28
925.48
2360.87
2515.16
4212.60
3634.11
1716.03
2438.89
3669.37
1022.47
3927.92
4328.23
1867.64
3011.92
1399.20
1915.73
2783.67
1737.67
4333.40
1960.36
1885.90
828.41
4459.02
906.81
1522.86
1810.23
1181.76
1805.00
1866.08
2154.02
3694.23
2650.86
2313.29
2549.82
2606.86
1083.26
1582.72
868.81
1908.22
1721.88
4307.28
4067.36
686.49
403.82
2367.90
4070.86
662.59
3835.43
1643.02
2725.17
1112.43
1045.41
3998.88
1859.96
1129.48
3586.90
3005.56
1180.53
2615.23
763.88
1473.92
2082.29
4050.52
1936.66
1798.36
1801.28
3448.91
3596.78
2929.67
2523.70
3610.28
528.28
2031.45
2400.73
3054.10
603.60
1110.03
3359.90
3438.20
3842.41
2756.27
1402.59
4008.78
3141.87
2709.93
3030.88
2142.62
967.37
3823.97
1709.46
2404.62
3407.91
1001.88
1737.00
2760.28
4744.09
3047.79
4054.10
4787.40
4264.23
2777.49
2126.51
811.78
899.04
1201.44
1667.98
1360.56
1951.89
2980.39
1078.71
4089.07
1918.92
2760.88
3298.93
1450.16
2270.96
492.13
893.74
672.15
982.45
1375.52
2706.32
2562.03
3635.82
1828.92
4114.48
2693.19
662.60
1096.44
2644.45
1392.40
1791.30
869.85
830.09
1363.79
1048.53
1619.68
2719.83
814.15
2103.13
2322.18
4272.07
1328.86
892.95
809.79
709.46
4078.00
2452.61
3383.59
1259.23
2524.00
1954.21
2323.77
4211.60
1527.69
3309.68
1477.58
2414.02
1095.30
1188.30
2095.70
422.09
3774.22
3580.96
2343.00
1327.74
2552.27
1996.71
1686.00
2854.04
1419.69
1271.79
761.62
2075.40
3832.97
2614.91
655.65
2275.45
3900.43
897.44
2337.33
3088.78
1481.99
1421.31
3930.26
3456.59
1117.41
2415.70
2272.77
859.92
1113.31
3445.48
1895.84
1147.88
4610.52
2086.73
1136.46
2958.52
4339.01
1329.53
984.48
3197.86
925.10
1042.85
3930.39
1190.71
602.21
2601.77
397.75
1488.22
1839.39
1879.45
2837.34
3383.27
1409.06
1464.85
555.86
2394.59
2254.77
3725.30
2294.08
1672.23
3761.96
2004.49
1678.34
2254.43
2858.66
2045.55
328.05
4956.93
1639.18
1098.59
1259.17
703.78
3907.91
1276.48
1164.43
3682.38
3042.32
1568.33
2704.32
2017.26
2154.50
2953.58
1652.39
2226.60
4081.87
1754.72
4476.84
1241.62
1948.13
1691.76
1566.97
2000.18
2725.95
1802.37
2066.37
3280.09
1037.49
2326.20
1705.41
1839.79
1422.71
1441.17
1587.98
1361.39
4719.18
1378.16
2165.16
3208.57
2846.72
4235.15
1021.00
1029.97
1894.99
2485.53
1908.38
1589.56
1653.82
1679.97
1336.51
3523.71
1622.82
986.52
1214.22
1114.56
2980.91
4454.58
1523.23
862.09
3968.79
1792.13
2771.59
4946.64
3537.63
2525.40
1675.37
1921.00
1225.47
498.38
2456.05
3793.58
2218.30
2139.61
4989.59
1944.10
3555.91
3470.64
3165.71
1037.82
1941.00
1756.18
1640.46
1496.71
1942.26
3349.57
2284.34
3954.55
1266.09
4172.91
4937.06
1108.98
2135.09
1741.67
2406.98
3647.30
3003.15
1199.87
4335.31
2295.72
3763.44
1563.43
1655.05
4297.88
426.84
777.99
1663.93
1131.16
3682.72
1794.44
3123.95
888.99
2993.95
3360.02
847.27
1918.15
2475.01
2308.05
1390.10
3065.63
1712.44
1302.38
2872.41
4181.98
1872.44
1291.40
1276.60
1252.84
1958.47
4466.80
2836.19
623.84
971.75
1479.03
2033.01
1444.61
3907.68
2200.76
3950.51
3732.48
2796.31
1659.55
1960.43
1407.68
3331.58
3599.60
1752.76
3915.11
4685.59
3999.72
2781.45
1517.06
2377.76
2520.12
2733.25
1188.61
4334.68
3086.91
4023.61
2007.70
2567.04
4601.67
1517.21
2967.58
2763.34
3962.33
2044.04
2761.44
897.64
1202.37
2779.59
1218.64
1394.97
2675.87
2997.67
3380.35
2694.71
3831.04
888.05
2539.58
4722.41
2744.45
1839.02
2241.02
2170.64
2634.28
3347.75
2461.17
1487.52
3848.33
1379.17
3824.74
3909.71
3984.30
1303.22
1628.70
4124.93
1924.77
2204.72
1019.46
2236.39
773.65
2602.93
1374.37
1661.55
989.75
2438.14
1070.09
2732.87
2600.75
2643.04
4551.57
4413.67
622.95
1070.77
1044.53
1293.00
3956.75
1542.06
2866.43
3821.18
1140.08
1539.30
3879.97
3301.63
2964.56
2555.51
948.49
1075.39
1887.38
1684.33
2129.39
1880.73
1711.53
1708.39
1520.76
2421.93
1589.10
1947.71
2327.39
3871.05
3357.74
3483.96
1390.57
1844.77
1220.23
3204.48
778.52
1082.68
1288.57
2549.63
1739.37
4451.08
4141.93
921.43
2704.24
837.83
2682.34
1937.54
1679.81
3303.97
2378.02
2502.43
2123.76
1390.05
2785.80
1574.70
2598.45
3052.49
1635.22
1585.31
1815.92
1423.04
3136.13
2569.52
4407.65
1015.89
955.67
2844.49
1150.07
1969.75
1228.31
1422.82
2233.06
710.18
944.97
584.06
1074.59
3724.60
683.27
2577.46
4487.71
3515.30
1606.17
4256.13
3993.38
2104.92
1235.47
3930.75
1989.55
4194.43
1163.54
3397.24
2934.61
1028.40
1152.60
944.84
2074.03
1721.62
1462.87
2773.04
3161.16
1006.70
776.80
2476.25
1806.72
2463.26
1004.94
1439.59
1707.85
1319.44
916.49
1341.38
539.36
2044.77
2911.43
2282.74
3746.92
1141.85
4012.41
1318.36
2432.28
3536.91
1753.07
1781.65
3389.80
2253.00
2334.36
654.56
2930.49
1201.40
4075.17
432.59
1946.43
2554.79
1167.41
3538.18
2472.64
2491.01
2248.06
1522.41
5098.47
2621.83
1420.47
3067.83
2234.84
769.39
1913.78
2456.05
3267.66
915.36
346.35
2189.67
821.54
2853.57
2742.53
1604.24
1407.09
4738.73
1990.10
1520.97
1763.70
3714.91
2236.94
4339.39
1570.87
1592.06
1305.27
3335.01
3511.82
2769.63
1149.95
3976.11
1784.20
1053.21
4047.06
2122.53
1545.23
3065.61
3689.19
3307.16
4702.75
1937.65
3522.87
1476.20
1884.89
2137.50
3777.40
3504.69
1988.67
1602.63
2204.75
3958.99
3010.88
4668.93
4722.79
802.63
1265.23
2348.17
1741.39
1445.23
813.09
1508.16
3802.54
1029.05
1451.22
3434.98
1059.99
1562.03
2423.42
1949.37
501.13
986.44
3169.47
2065.45
805.90
1129.56
4066.41
2720.94
2235.38
4616.24
1521.01
563.16
3810.33
2282.76
3515.63
4538.75
1558.40
3395.70
955.13
2622.91
1896.80
2371.92
2264.62
2470.44
3131.82
969.69
4717.86
3520.20
2027.01
2431.15
3360.76
2919.67
1195.64
765.00
2095.91
1789.41
3137.19
2519.85
3700.46
3458.74
1202.36
1709.64
2968.98
1153.94
914.58
3878.22
4280.94
1697.96
2172.22
2167.53
1108.36
4899.24
813.48
2406.57
3268.39
3931.06
1157.48
4105.07
785.34
1691.10
1147.43
2744.82
1791.86
690.27
1071.60
2319.75
1591.24
3593.75
2071.18
3333.26
3015.98
1317.52
1265.63
1108.94
5041.27
1501.39
2848.40
3160.27
797.36
3763.28
2073.12
1451.98
1508.06
1204.51
3582.11
1635.00
2326.83
4061.96
2204.12
1324.30
3374.78
1930.04
2560.78
2963.14
1241.20
2165.42
1647.15
1312.27
3324.68
1806.30
1266.77
3122.90
893.69
2273.49
2439.11
1475.95
2026.26
1201.03
4390.50
2004.72
1685.73
3495.86
554.63
987.33
2823.18
2005.10
2679.96
656.51
911.38
1155.67
2807.38
3862.19
2175.20
3769.44
3145.91
2245.67
2223.87
4069.88
2834.50
1658.04
1725.21
1729.38
4383.87
1825.05
2658.00
1923.51
2967.19
1297.86
804.98
2861.23
3196.77
1866.60
1731.87
1395.10
4554.75
1047.69
2426.60
1042.18
2146.18
2710.57
3186.65
2469.51
4308.86
1915.52
3300.08
615.03
1462.39
1106.07
1719.71
2681.41
2040.38
2187.17
1529.76
1322.62
3502.05
1069.76
1184.26
3481.85
1128.04
1441.87
2336.52
1039.06
3286.17
4750.93
1528.88
1904.98
2637.55
697.97
2298.50
909.35
4664.10
1978.33
1032.57
3157.94
637.81
3719.46
1229.47
1387.55
3233.60
4892.15
1137.09
1219.61
1467.18
3450.49
3928.70
2268.66
1716.31
1049.29
3708.78
3542.50
3144.15
2324.06
2410.46
1787.39
1855.52
1514.90
2208.28
4410.18
3785.17
3628.81
2695.00
1903.74
1522.09
2322.27
3619.54
3034.41
1745.69
605.77
1016.88
3596.87
1439.88
2463.69
1944.63
3804.36
341.23
4689.24
4925.89
4102.83
1123.91
2489.58
1854.91
3617.35
2826.50
4002.24
2533.83
2567.02
974.05
2654.73
1206.42
1577.04
3351.14
320.53
3964.47
780.36
692.46
2231.41
1148.85
3882.90
3034.14
3859.38
3947.73
2382.31
4306.77
1689.32
4513.58
1654.78
681.37
2031.71
2664.00
2525.62
744.04
3233.33
4608.61
1244.19
2732.06
1694.24
3190.58
3922.37
2823.54
4208.49
2934.98
1385.37
638.24
1300.93
2011.89
4670.42
3311.38
2528.26
983.89
2558.01
1196.04
4074.24
1112.41
1205.61
2769.44
4802.76
1180.16
3315.22
4334.67
1530.74
2352.68
1162.39
1751.32
1304.60
4332.45
2056.78
2700.02
4219.94
2067.97
903.11
2499.98
1993.35
1502.38
2649.46
3832.49
1326.31
804.86
3594.04
1177.22
2810.52
1162.75
1275.47
2647.43
1626.15
1143.52
1414.25
3570.03
2392.76
1231.78
1774.66
1632.89
1655.57
1346.65
3855.47
3205.27
1673.21
3202.96
2261.88
4042.34
2792.02
3670.17
3735.25
3762.97
4612.64
2244.42
1198.82
2030.75
2854.81
4060.50
2595.81
3932.98
2614.27
926.88
3455.17
777.24
1822.37
4719.84
1780.23
1602.02
629.01
1208.66
3632.65
1894.10
3385.81
3604.45
2795.16
1564.40
2532.42
541.31
1569.03
1986.72
1599.81
3407.91
1097.01
2651.75
3096.57
2694.87
1272.30
1383.29
1296.58
1292.57
2403.09
2158.84
1801.96
2135.79
3180.70
2235.22
1349.09
934.21
2643.25
1515.78
4028.51
674.45
1123.84
2905.75
973.93
3006.45
1543.40
1127.33
1023.32
3170.48
1513.36
4226.48
3591.50
1073.48
2403.97
912.56
846.65
3489.71
2160.90
2544.65
4116.02
1444.70
1265.38
2745.58
408.07
2848.43
1599.56
3624.92
2018.63
3072.98
1772.09
2747.95
868.77
4345.78
3643.38
691.08
1347.16
752.45
1523.26
3912.22
2151.78
2569.35
2540.57
2085.29
1718.15
2756.57
2585.83
1677.68
2642.10
1257.85
1900.61
915.26
2838.14
3644.32
1822.32
1172.74
1763.45
3071.69
4255.77
2308.19
4248.69
3854.03
2436.71
3851.77
783.53
4052.68
1395.20
1204.86
1433.90
2833.79
2316.67
1008.44
2791.49
3292.93
3508.15
2933.36
2145.20
4339.21
2268.05
2199.15
936.75
896.97
1463.05
1660.36
1262.24
4092.97
2067.16
1029.77
1636.99
968.85
3569.58
2232.92
1090.42
1448.70
4389.12
5072.81
1657.76
2067.79
3365.27
1427.33
415.11
3606.13
1191.50
988.33
2803.92
1819.05
2547.38
2164.89
1204.56
3292.03
3315.02
1141.05
1477.30
1621.96
1789.48
2450.90
2974.93
1083.21
862.72
1141.92
2888.11
3380.47
4230.43
1967.42
3680.22
1543.86
2199.85
2214.54
1010.21
976.24
2599.99
783.03
2568.40
2181.29
3629.77
1868.43
1117.55
1281.07
3114.85
2284.40
2410.58
1282.35
1563.65
1670.13
1958.90
1791.72
3822.32
2078.88
1242.10
2552.20
3826.31
2370.48
2619.35
312.80
500.11
2773.77
2713.08
2343.87
3376.56
1102.09
2878.79
991.33
2070.14
1708.15
4467.87
1650.04
2877.57
1212.06
1065.56
3859.98
1686.38
1224.75
1891.61
2028.58
1803.63
1015.01
3571.04
1352.04
1060.04
3631.30
4242.33
1749.62
2573.44
2053.26
4677.01
1119.71
3010.14
2536.61
1200.65
2034.05
2437.41
1693.19
1353.21
1583.35
1530.29
1299.54
988.72
1207.23
2370.14
2792.35
4064.17
2279.81
1056.11
2541.76
2066.31
2259.13
1900.08
847.17
1267.55
4212.50
1305.56
2446.91
2873.45
719.12
2886.07
3282.95
1378.41
3649.82
1123.58
1966.48
3023.08
2848.37
4542.82
2750.07
4230.48
965.75
379.16
3826.70
4390.13
2823.94
1503.72
1568.27
4041.57
4413.40
1934.13
3457.62
1661.28
2629.38
1026.53
3885.03
1536.20
1264.09
3029.44
3609.85
1593.77
2400.95
3353.25
3374.63
615.40
1942.78
1100.53
789.92
1066.41
3540.96
4197.59
1492.83
711.88
2038.22
1236.92
2448.37
4375.71
2572.88
1566.43
1934.93
1797.15
858.98
3359.61
3430.28
2837.34
1634.77
2961.41
1508.12
1473.18
795.01
1317.35
2097.21
3261.15
1000.09
2152.99
2568.63
4709.55
2256.41
3519.85
3826.83
1716.58
3184.56
1954.29
3107.15
2834.93
2484.57
2201.63
872.52
2573.76
1036.85
844.27
4186.95
1344.85
3211.05
2148.25
1449.62
1373.37
4261.82
1544.77
4455.00
1667.44
3517.03
3640.66
762.49
1779.81
1255.47
1559.12
2764.59
3491.74
692.91
3058.82
3080.05
1620.75
2962.55
2785.75
2724.34
4761.20
2314.14
713.75
898.96
863.20
1770.88
1203.35
1679.38
1967.06
1295.81
410.71
1373.25
3263.88
1337.01
1922.55
1966.91
3500.35
2305.64
2349.66
492.98
4986.41
3470.51
2958.33
1861.84
1500.56
3527.59
1575.89
2810.39
3327.80
293.96
973.56
442.54
3474.38
2195.76
858.00
3653.88
2398.38
2022.64
1284.85
1546.15
4263.55
3551.61
418.95
2338.02
2520.48
4571.33
747.56
3270.98
3122.91
3977.48
1254.11
2773.47
1251.57
1438.50
1262.11
2877.58
1180.68
1162.24
2075.42
1845.69
1415.89
2271.78
249.00
1989.09
1874.42
3133.18
1687.12
1351.41
1526.59
1999.96
2627.76
3091.84
2179.93
2065.63
1504.05
2117.76
4823.73
1569.77
2052.50
1481.74
1210.44
2368.84
4518.75
2132.00
1567.18
860.10
2229.67
2458.14
746.61
3673.13
2278.17
3796.25
3554.44
1092.06
3625.11
1516.70
3921.10
1063.50
3811.25
1096.15
1261.47
4208.89
4210.58
2110.45
4067.71
1975.87
1047.51
1249.44
2306.37
681.05
3458.46
1341.64
2381.98
3699.15
4269.17
914.49
1193.62
1011.11
2859.76
2835.99
1343.56
943.79
1481.12
4299.87
3020.26
2451.01
3161.08
1637.73
4325.53
2857.42
1502.68
1373.86
2322.08
1511.12
3672.63
1016.58
1881.90
2918.42
1048.61
4469.56
1532.58
1020.16
1860.37
1135.92
1845.63
1324.82
2621.93
3791.16
2568.07
764.81
3959.88
2497.28
2003.15
2098.00
2566.90
3128.83
1514.25
2083.57
1588.20
3093.67
1006.37
1448.05
3761.78
2978.76
3323.09
3878.48
4042.63
3353.09
2611.84
2301.00
1632.78
1595.30
3398.07
1557.28
3287.55
1354.93
1506.16
1227.39
1450.05
1246.13
2658.43
946.71
4285.71
3856.09
3315.51
1702.73
1985.80
1557.45
4492.53
507.82
1159.78
1052.84
1649.29
1733.50
2206.26
2163.11
1386.16
998.14
1065.74
2574.73
4271.92
2286.24
3103.00
1975.37
3476.48
1875.30
2634.73
2046.50
3206.53
495.56
2457.34
2861.72
959.73
1842.48
2468.65
2404.80
1585.76
1632.74
2796.55
1909.03
3006.19
2989.30
1036.89
1671.95
3747.87
2557.05
705.57
961.91
1907.74
871.87
1773.35
844.57
1646.76
2134.06
2816.19
1516.36
2121.51
1225.71
3222.38
1426.65
1057.83
1636.34
3274.36
1569.70
2490.57
3051.96
1727.14
1237.05
956.02
3620.99
2163.27
1729.70
2910.87
4611.56
1202.02
4563.98
2427.35
3052.30
1541.52
2057.09
1950.42
990.77
1414.85
4131.80
853.58
1363.45
4171.70
1625.17
1164.37
2133.07
2405.97
3999.75
3329.57
1206.83
1313.99
2889.86
1747.22
1475.47
2038.23
1200.02
447.60
1724.56
2282.66
1829.18
1195.92
2667.92
1690.88
1734.51
2154.55
1075.66
2764.67
2690.17
1726.96
1744.46
2313.92
1819.15
1266.01
3043.45
3144.63
2990.29
2635.89
2475.96
1660.11
2933.66
3662.34
3561.98
2174.29
1446.93
2776.49
2465.81
1805.69
3072.05
1502.38
2175.00
943.67
2015.57
1408.10
4038.81
2381.80
1340.73
2266.51
1246.89
1637.52
1324.47
1081.57
2428.54
1321.03
1786.98
1456.21
1222.08
1326.68
749.61
1839.50
2304.81
1533.96
2602.37
2385.65
3713.03
1448.46
4154.35
902.06
1917.13
1176.01
1273.65
2356.74
2757.24
4231.46
1280.60
3253.12
1095.34
1317.32
4147.77
1882.08
1177.36
1688.44
1467.08
1119.94
3930.17
3844.80
1001.85
2779.59
4952.25
4581.89
1702.06
1551.92
984.14
2593.88
1264.31
1261.22
1397.87
1796.29
485.22
4275.82
3585.88
1437.44
1401.17
2018.05
1213.97
1817.30
3738.32
2051.58
819.76
2894.07
1996.16
1649.67
1112.70
1002.53
2335.67
3078.87
2377.51
3324.22
1021.59
3893.44
1672.70
1765.83
3137.50
4290.81
2372.94
3432.67
2080.08
2748.97
1503.24
1454.17
1866.23
3816.99
1632.92
1455.76
3542.35
3416.07
3067.39
3987.21
4010.15
1861.15
1267.63
4668.03
3383.94
1140.88
1701.83
1550.23
2825.47
2970.23
3285.24
3207.63
1669.19
3653.21
1221.20
2684.04
2120.49
1868.11
860.11
2201.90
1053.07
2578.82
1498.02
1840.67
1357.77
908.87
1147.63
2245.75
2819.01
1333.28
1920.55
2129.79
3765.27
3291.51
2260.74
1294.55
3343.99
1659.93
3412.98
3463.66
2538.04
1068.92
952.52
3897.23
3323.71
2002.77
1506.04
1643.79
2206.59
3380.89
2204.50
3509.97
3053.02
1319.04
3635.40
2719.38
3815.38
1570.50
1336.17
1339.18
1128.50
1565.02
1424.88
1187.76
1127.20
1728.92
1844.34
1240.69
4220.73
3062.95
499.71
966.05
3019.24
1257.87
1638.35
1967.76
1884.21
1283.01
2135.57
2814.52
1240.76
2301.72
3343.94
1338.63
3291.14
1982.82
3884.70
3323.29
1165.88
2289.36
3202.96
3575.81
1251.26
704.84
889.43
4646.23
1634.92
1434.15
2986.74
1137.18
3073.11
3272.55
1888.74
4084.11
3324.22
2323.78
1378.42
2727.53
1231.16
817.18
863.76
1288.56
3865.37
3971.87
806.95
3422.97
1467.78
2981.93
1543.73
3934.64
4524.03
2730.23
1198.74
4354.56
1810.80
810.53
681.43
1862.56
1431.85
1091.73
1426.84
2170.06
4420.06
2397.03
3340.11
1735.42
1451.31
1509.03
1704.95
4145.46
4124.67
1020.23
2006.29
2477.49
1638.02
3670.53
2981.08
1764.07
2937.44
3012.35
2804.82
2643.22
662.70
1436.88
2085.73
1822.58
1236.72
897.42
3145.51
4562.96
1882.46
938.56
1737.38
2282.30
2645.88
2537.22
3377.71
902.08
2613.59
3922.07
1661.14
1577.98
3509.78
1305.06
2213.28
492.30
838.65
4638.33
1900.09
3494.60
1116.01
2180.95
560.90
1246.85
1431.19
1655.88
4376.54
3986.92
566.52
1861.99
654.46
2271.05
1830.75
2880.14
1139.20
3251.19
3955.05
760.57
322.79
1477.90
1996.35
2766.49
3407.35
1182.95
1988.06
2352.34
2473.56
1411.73
1684.11
1412.84
1095.33
2033.95
3908.20
940.53
1719.63
1627.45
2566.89
903.24
1549.95
1269.60
3179.41
3068.21
1434.61
2487.34
1743.30
845.91
3816.88
1810.45
2769.78
2652.18
2699.26
2280.76
1536.70
3348.91
1344.77
1593.27
3429.99
1486.44
1206.68
1160.65
1095.90
1371.67
1511.63
1575.45
4056.32
3744.17
3811.29
2109.78
2755.70
923.37
2055.09
3984.59
2040.29
1835.66
728.70
1538.32
2591.63
2713.57
1952.85
3507.90
2947.30
1330.10
2373.11
2663.62
3657.05
882.58
2760.48
1851.02
1282.91
4584.95
2915.07
2705.14
1587.52
1018.30
1272.18
1823.33
1949.33
1626.11
488.54
1515.85
3233.58
1658.32
2905.29
4618.74
2206.40
1934.09
1689.11
1444.98
4214.89
2340.13
1469.70
1252.95
2544.93
978.97
1348.02
3399.74
961.90
1196.43
1450.69
1913.92
2470.47
4006.93
498.64
430.32
1801.54
1768.94
1560.13
908.59
3484.66
1019.71
2778.19
3098.15
1344.87
2585.40
2196.34
1661.44
1591.60
3360.13
1784.60
2482.65
2554.06
1091.78
4243.23
2004.96
1951.44
4080.37
2474.63
2876.68
1219.57
3057.51
1435.31
1351.54
1804.31
1021.78
3640.33
4228.91
3482.61
2557.55
2477.13
2161.59
2329.04
1813.31
2989.93
1034.11
2058.47
2139.01
5033.13
3729.17
3984.76
1174.14
653.57
1324.78
1918.52
3550.21
2355.30
661.65
2052.32
710.91
1878.47
4141.33
1536.06
2141.68
2909.12
2425.74
2051.74
1102.45
4195.77
1333.86
1483.86
4390.23
1750.47
1076.20
1603.44
1903.45
950.10
4253.08
1397.14
1645.23
3199.75
1140.55
700.85
3807.93
2374.38
1982.08
3782.23
2006.26
1559.65
3367.94
2415.96
966.45
1093.46
1140.28
3502.76
683.95
3887.11
2839.92
1161.62
751.17
2412.62
1494.80
1641.58
3151.34
2402.51
1613.23
1507.46
1002.93
971.68
3089.21
1596.93
738.04
4110.04
2683.45
3806.98
1510.26
936.92
711.82
2233.71
4018.15
3379.22
497.65
3356.91
3216.97
3085.57
1714.91
2395.98
2665.88
957.35
3234.44
3041.20
1730.44
1810.13
802.21
1257.89
2426.55
577.88
3692.35
2233.11
1679.86
1923.42
3276.25
2213.62
1647.05
4896.34
4046.90
944.68
1332.16
2031.85
1723.58
1432.52
3456.41
1926.21
1445.01
1645.30
4141.86
1725.52
3216.42
2892.16
4572.33
2111.26
1834.73
3158.15
2008.21
1060.94
2567.54
857.06
1638.30
1376.86
1720.65
2035.31
995.74
1422.32
815.74
1969.74
4297.99
1927.19
4914.41
2426.07
2531.65
2595.82
1863.92
3959.88
2327.57
1259.47
1155.28
2074.55
1071.02
3210.27
3421.68
3652.11
2014.97
2654.82
888.31
1138.79
3637.13
3963.05
1133.25
4458.81
1836.79
1038.44
3627.42
2409.56
3627.91
2161.53
3663.66
2606.18
2909.99
408.89
1010.88
2218.44
1604.48
1749.02
4202.64
2035.89
902.33
2047.50
2759.30
1378.16
155.77
1249.10
3244.57
3682.68
4318.59
3351.13
2133.31
2388.99
844.14
1888.95
1694.39
2883.80
1567.31
2247.26
2306.24
2060.86
2992.89
1018.84
1117.44
2600.24
3556.96
1778.69
3350.24
2969.06
4204.43
2906.81
1427.52
3192.40
1535.61
876.89
805.80
1460.89
562.18
2840.15
2398.04
3367.24
1319.91
3821.89
959.65
1043.93
571.59
3790.26
4282.50
2257.42
3314.89
2601.29
1024.56
2663.65
2035.25
3967.00
1214.16
3179.32
1073.66
2198.64
1015.27
2459.66
3693.30
1685.31
3590.99
793.12
4453.29
2487.07
1035.32
3015.55
1895.45
1790.86
3784.89
1381.97
921.06
2717.92
4429.64
2181.70
843.67
2772.89
1306.76
3782.49
1070.02
3730.84
4213.22
846.54
2597.29
1407.08
287.01
972.17
2218.39
1096.43
1602.22
1331.06
1886.80
2292.85
4317.26
1280.27
2218.30
792.92
2203.40
1298.22
3627.13
4127.95
4484.49
2266.89
1392.47
1328.56
4159.52
2321.61
2389.59
1702.66
2683.15
1637.52
2949.88
642.08
843.90
1645.23
1765.63
3116.40
971.98
2836.86
3637.89
1833.98
3713.67
415.14
1501.26
1826.60
923.33
887.68
1591.83
1609.35
1794.58
4398.04
3028.00
3294.30
2233.43
1923.85
3353.59
2560.55
2640.45
4396.92
1100.31
1446.96
1161.22
998.17
5039.46
2206.16
1886.73
1304.64
2555.78
2247.67
1076.23
2355.76
3613.55
1036.31
3214.78
1757.33
4159.29
4273.99
1731.37
392.78
1537.96
2738.35
2668.58
970.27
2929.87
1416.67
1472.85
1523.48
4313.60
1846.70
1810.51
2626.26
4122.22
3295.35
1088.18
4249.45
2219.69
1735.60
510.98
1732.52
2242.46
1515.89
2585.33
3290.81
1015.59
1006.00
954.39
3649.74
949.30
